[-0.16357635  0.13559002  0.11474928 -0.10195845 -0.12487872 -0.05177241
 -0.084658   -0.07650865  0.11619146 -0.0290732   0.18518892  0.01187133
 -0.19847056 -0.10912019 -0.01376313  0.18097802 -0.15869021 -0.14101361
 -0.12122022 -0.03705238  0.02554634  0.0205095   0.0212783   0.03776667
 -0.0702648  -0.36010474 -0.04616923 -0.07334081 -0.02887141 -0.00050239
 -0.03713545 -0.02771398 -0.21397078 -0.10421066  0.01300445  0.07058421
 -0.04454425 -0.10983002  0.12830776  0.03100462 -0.2165091   0.06697291
  0.08098733  0.19887422  0.27744821  0.02443778  0.05033897 -0.08829276
  0.14250618 -0.21464106  0.06137619  0.14532226  0.14328206  0.03828582
  0.08876914 -0.12769204  0.01440299  0.15385854 -0.20914789  0.02844742
  0.02265884 -0.01546571 -0.07374498 -0.08110898  0.18505308  0.20734254
 -0.12729385 -0.11213483  0.18137743 -0.07293798 -0.04932227  0.060382
 -0.17088842 -0.16868807 -0.267171    0.04584947  0.3612259   0.11977109
 -0.24102104 -0.0965405  -0.0609742   0.04370879  0.03240652  0.08620986
 -0.09048512 -0.04367693 -0.06741491  0.02362953  0.16599454  0.02251901
 -0.06256877  0.24391598  0.05740774 -0.01461623  0.02487232  0.09616157
 -0.07002576 -0.02992423 -0.18425672 -0.07983118  0.09279524 -0.04820985
 -0.0066096   0.09813416 -0.13293239  0.06206065  0.0088568   0.029825
 -0.02935673 -0.02750248 -0.0315221  -0.0172745   0.11331367 -0.10731293
  0.23570204  0.16991566 -0.01618923  0.09505813  0.08591308  0.02421474
 -0.0137919  -0.08900516 -0.07907858 -0.0811967   0.0572197   0.00942421
  0.12607166  0.04240064]
[-0.13785671  0.08838673  0.01799955 -0.02364445  0.0056883   0.00104301
  0.04671834 -0.04675596  0.20981118 -0.06835758  0.20636065 -0.01432185
 -0.25364819 -0.01297452 -0.00589217  0.0844666  -0.20683885 -0.16279493
 -0.09032948 -0.03289704  0.02121992 -0.00268149 -0.0777181   0.08597746
 -0.18103808 -0.26658374 -0.04322119 -0.10443042  0.03199352 -0.11451867
 -0.02732407  0.09255539 -0.16959941 -0.09135406 -0.00050994  0.08258866
 -0.07656353 -0.07157051  0.26774657  0.03611466 -0.19634193 -0.01159286
  0.02333196  0.34956902  0.18108085  0.03342232 -0.06709346 -0.0612542
  0.13688633 -0.32010633  0.03997227  0.21170674  0.16754884  0.12909558
  0.05761165 -0.1640913   0.0262115   0.13406369 -0.21174553  0.08276075
  0.03101355 -0.13436271  0.1113116  -0.10489804  0.18973055  0.0414554
 -0.11142456 -0.0022383   0.18363945 -0.11430843 -0.05769517  0.08622842
 -0.03283954 -0.28709823 -0.2149477   0.1003518   0.3586722   0.26106262
 -0.1629518   0.01491098 -0.08092029 -0.14824282  0.04697759  0.0918416
 -0.10515915 -0.03529486 -0.06293032  0.01399533  0.25201988  0.08357339
  0.00783106  0.23232993 -0.00334023 -0.03698117  0.03522617  0.00854275
 -0.13070014  0.02648482 -0.14860073 -0.02346972  0.01726878 -0.1245977
  0.02293028  0.14060622 -0.18829933  0.17253257  0.01932257 -0.04917781
 -0.00200048 -0.00200209 -0.06981409 -0.00366944  0.1731135  -0.25925216
  0.17695452  0.14264727  0.06064251  0.16654405  0.05771717  0.05636904
 -0.0188781  -0.05962272 -0.21014218 -0.08105925  0.14154823 -0.01307325
  0.12084666  0.03239475]
[-0.04876049  0.09742952  0.04759418 -0.07676435 -0.03927433 -0.00144954
 -0.05468711 -0.06784964  0.17522463 -0.00359859  0.26293898  0.00222398
 -0.2308155  -0.0897937   0.03830654  0.11513525 -0.20160252 -0.08018718
 -0.08101277 -0.04372965  0.10311765  0.02997415 -0.01247402  0.10130971
 -0.24239606 -0.32192802 -0.05606978 -0.13483611  0.00536599 -0.12181918
  0.00041585  0.04141534 -0.17092073 -0.05743604  0.04099266  0.02400386
 -0.07667089 -0.01821489  0.23931906  0.07436246 -0.19451916  0.10768363
  0.01679423  0.25182366  0.1579608   0.01163275  0.0764263  -0.05569424
  0.15614688 -0.34694597  0.10338283  0.17822467  0.15425518  0.08294953
  0.09185389 -0.15411319 -0.05182794  0.16674709 -0.25147441  0.16618074
  0.09613699 -0.12882873 -0.02812434 -0.07656685  0.0983354   0.14360347
 -0.1648953  -0.11079746  0.03659185 -0.12174072 -0.0508196   0.15515909
 -0.08934205 -0.21449092 -0.36030367  0.07262152  0.41133964  0.16266541
 -0.22695796 -0.10378857 -0.10955801  0.00203762  0.03561853  0.00270748
 -0.06733007 -0.05653753 -0.06500182  0.06831639  0.17439042  0.02443756
 -0.00707892  0.27040362  0.03794236  0.08380105 -0.04066208  0.08878114
 -0.12096611 -0.0974376  -0.04726235  0.03405931 -0.07126648 -0.04509455
  0.03614742  0.08674191 -0.19635528  0.20704511 -0.00556281 -0.06877808
 -0.05279357  0.0730278  -0.09516074 -0.01302092  0.13037585 -0.29450864
  0.17436498  0.18961394  0.05983752  0.10203809  0.00425556 -0.00108531
 -0.09312946 -0.052435   -0.12468116 -0.07042827  0.04132388 -0.00936947
  0.05705959 -0.03864241]
[-0.11685362  0.17851903  0.08774953 -0.01193949 -0.22847928  0.12980646
 -0.08832874 -0.10527469  0.12006158 -0.04863014  0.22847658 -0.01275912
 -0.32155496 -0.02588947  0.0579414   0.09854928 -0.11259049 -0.15146546
 -0.05785999 -0.11834188  0.06116657  0.05294194  0.01313054  0.03069697
 -0.19921622 -0.35213625 -0.02703068 -0.07997821  0.04327485 -0.1477343
 -0.08035551  0.07324287 -0.21802893 -0.05652866 -0.01131205  0.16888621
 -0.02466567 -0.06904868  0.199029    0.01735831 -0.1775583   0.07237212
  0.04211789  0.22931345  0.14774203  0.0156839   0.06182257  0.00654304
  0.11844208 -0.30321687  0.12160014  0.15496136  0.1710968   0.01209765
  0.0444909  -0.24391589 -0.0949508   0.11607069 -0.14559054  0.10060367
  0.1024399  -0.14003704 -0.06676984 -0.13269608  0.20069979  0.16908056
 -0.03002945 -0.15491292  0.13692604 -0.07151502 -0.10447243  0.13402288
 -0.14801955 -0.13520303 -0.26507354  0.12433371  0.43619388  0.1006119
 -0.1965836  -0.02446603 -0.04479447  0.00489566  0.00452319  0.00455494
 -0.03353154 -0.03158855 -0.10063834  0.11592875  0.27661696 -0.03981218
 -0.02187651  0.24270196  0.07181993  0.10977015  0.04063503  0.0290694
 -0.02525669 -0.04335785 -0.12426624  0.0332994   0.0025938  -0.12742583
 -0.01528621  0.06055166 -0.23464008  0.09626099 -0.01569501 -0.04865932
 -0.03923726 -0.03021653 -0.13961405  0.03884178  0.2376152  -0.35469964
  0.20483761  0.2114986   0.01200858  0.14940718  0.07998776  0.04420835
  0.06696254 -0.05536443 -0.18694045 -0.12981288  0.12289454 -0.07637233
 -0.02132232  0.09503651]
[-0.02012441  0.07926483  0.06694804 -0.10306004 -0.09393524  0.07902421
  0.01375926 -0.05507496  0.16319178 -0.14347133  0.1693266  -0.04207692
 -0.31556547 -0.04524722 -0.08693087  0.08711648 -0.10283591 -0.22154248
 -0.061048   -0.09125412  0.05394372 -0.03412305 -0.12867661 -0.05552501
 -0.14494324 -0.30459499 -0.03440852 -0.08162512  0.00652729 -0.08644935
 -0.01589905 -0.02087019 -0.1696243   0.00842038 -0.05401988  0.04840782
 -0.08988692 -0.1048376   0.20224875  0.04518004 -0.07132264  0.01106636
  0.05636372  0.30075628  0.14092813  0.02683239  0.05306321 -0.06249264
  0.13445136 -0.35176882  0.11489605  0.13793838  0.18423936  0.14305066
  0.15117106 -0.20438799  0.0376803   0.06512337 -0.19132756  0.1277464
  0.00469601 -0.00137166 -0.04978446 -0.0829336   0.28941411  0.06263056
 -0.096909   -0.05384886  0.20015414 -0.13107471 -0.053299    0.00140546
 -0.06861717 -0.14196062 -0.22125961  0.10071851  0.37424698  0.23119929
 -0.20344052  0.02429335 -0.12135294 -0.01972177  0.1108086  -0.05340722
 -0.06253076 -0.02823506 -0.11353402  0.03674647  0.23891938 -0.07339733
 -0.04747824  0.17972955  0.06109151 -0.0390173   0.00890459 -0.01725866
 -0.0994183   0.00831448 -0.12029036 -0.0133405   0.07094749 -0.1236674
 -0.01346189  0.07108131 -0.22990166  0.13316865  0.02362669 -0.07838652
 -0.03128998 -0.03954481 -0.15954272  0.01924543  0.16970585 -0.33618659
  0.18746017  0.16134143  0.05445526  0.16345543  0.06031218 -0.00779288
  0.03611848 -0.08710463 -0.12579747 -0.13448068  0.00558023  0.05057077
  0.01833819  0.10353742]
[-0.11628985  0.0422578   0.0211336  -0.11581276 -0.08336155  0.01402767
 -0.01320683 -0.02844607  0.13577254 -0.00308063  0.200056   -0.02254491
 -0.23242074 -0.1119047   0.00974356  0.10925096 -0.11683725 -0.10575519
 -0.03448764 -0.03409325  0.01884694  0.02704836 -0.00074515  0.06412543
 -0.18632789 -0.31549281 -0.05483082 -0.09924336 -0.1103259  -0.1752587
 -0.03032791  0.14334752 -0.1564175  -0.03254768 -0.01255287  0.13022065
 -0.09117004 -0.01324239  0.20474367  0.12573405 -0.14255334 -0.0295354
 -0.02355564  0.34338602  0.2173308  -0.00147134 -0.06035616  0.02957752
  0.18170562 -0.37214988  0.12052431  0.13879548  0.06844409  0.06549589
  0.0698706  -0.07037234 -0.00201559  0.18282065 -0.24884559  0.04308818
 -0.01773226 -0.12493968 -0.06564395 -0.11943962  0.20216863  0.20692977
 -0.12541623 -0.02811193  0.14197518 -0.07084663 -0.0803009   0.03896066
 -0.12401156 -0.2153582  -0.28729835  0.15169625  0.29644713  0.14834823
 -0.24356954 -0.07775481 -0.01871672 -0.01147212  0.09516212  0.01410292
 -0.06693922 -0.01792391 -0.06782179 -0.00314264  0.16821897 -0.00062665
 -0.04944056  0.25506377  0.00923135  0.06543098  0.09220176  0.03585222
 -0.01572974 -0.03193808 -0.20648739  0.01142536  0.04100923 -0.14138605
 -0.03672567  0.13109845 -0.15480019  0.16387147  0.053085   -0.04992569
 -0.03413827 -0.05735616 -0.12214597 -0.05584919  0.1398133  -0.25564954
  0.17351621  0.14516407  0.0250018   0.1458858   0.03064346  0.0228017
 -0.04867162 -0.05225955 -0.11645018 -0.0321699   0.17040753  0.0629439
 -0.01119982  0.01672605]
[-0.02787038  0.18511312  0.03795818 -0.01592495 -0.02800395  0.06094607
  0.04181107 -0.06827018  0.20178281 -0.12892711  0.2286137  -0.03424321
 -0.26203403  0.01573747  0.07961924  0.08297125 -0.12001363 -0.12674861
 -0.18867645 -0.02046876 -0.00481922  0.06915032 -0.07331826  0.06728727
 -0.13546497 -0.27894503 -0.07658539 -0.11856498  0.0810751  -0.11671707
 -0.06251307 -0.04142276 -0.07986248 -0.04226235  0.02477954  0.01901857
 -0.13287094 -0.12431499  0.25849763 -0.01340424 -0.1829485   0.06018279
  0.05758946  0.30218381  0.17891918 -0.01047394 -0.00693    -0.03619847
  0.157194   -0.25711235  0.11886638  0.15846476  0.23111004  0.18049251
  0.12254738 -0.23099762 -0.03651938  0.17228538 -0.2204611   0.12946238
  0.05379669 -0.04763895  0.03163576 -0.05332064  0.19367683  0.14624374
 -0.14965239 -0.09762508  0.12607129 -0.17434078 -0.03522046  0.05828259
 -0.15107758 -0.21570888 -0.1951918   0.09160058  0.34364522  0.21872875
 -0.19671722 -0.06550233 -0.03471046 -0.0516743   0.03540875  0.06072614
 -0.09311305 -0.12094494 -0.03243253  0.04132545  0.23506156  0.01004221
 -0.05571719  0.20634368 -0.00476437 -0.06448191 -0.01729217 -0.03013334
 -0.1066843  -0.06156322 -0.10073388  0.02490741 -0.04260976 -0.14249912
 -0.02888435  0.11735301 -0.2066904   0.21321653  0.04997095 -0.00880376
  0.00343125  0.07361971 -0.14137764  0.02056503  0.22306329 -0.24387605
  0.26062077  0.1179807   0.06077813  0.11788808  0.02239144  0.06136397
  0.03595652  0.00163928 -0.18294843 -0.11575173  0.07464473 -0.00348636
  0.0939375   0.03270499]
[-0.04307469  0.19387092  0.06370386 -0.02291195 -0.11514308 -0.05700037
 -0.06098117 -0.12980005  0.1353206  -0.18847261  0.23520602 -0.02894139
 -0.27020323 -0.12712078  0.098999    0.11523018 -0.03467791 -0.13603401
 -0.09669134 -0.08269264  0.12259922 -0.00225117  0.00156411  0.03379548
 -0.06536347 -0.28807136 -0.09606954 -0.04273847  0.00650281 -0.15337639
 -0.00563315  0.00304057 -0.11641365 -0.05231617  0.00764873  0.09250465
 -0.09263849 -0.06668434  0.19333465 -0.06904309 -0.1778875  -0.03151275
  0.07852794  0.15804867  0.14972481  0.04806123  0.03155186 -0.0566611
  0.16646199 -0.26958364  0.09722346  0.12606636  0.14336985  0.09841443
  0.14960259 -0.20926453  0.01639912  0.11442526 -0.21839556  0.06621658
  0.06352653 -0.12007731 -0.13814771 -0.00185814  0.19120216  0.14715849
 -0.1147788  -0.10739255  0.18589167 -0.15115841 -0.06080396  0.14610185
 -0.10701019 -0.19256145 -0.20945098  0.07743083  0.4062106   0.13611844
 -0.14799169 -0.04821502  0.00218055 -0.01730834  0.01294288  0.00601989
 -0.08427837 -0.07128747 -0.10540675  0.0946321   0.17720562 -0.04732547
 -0.02555772  0.2622515   0.04745131  0.09742983 -0.00306846  0.05487641
 -0.02685442 -0.04676359 -0.13578951 -0.00780099  0.11209834 -0.1670233
 -0.06956142  0.04676017 -0.1865644   0.12875825  0.00463657 -0.0082932
 -0.06650089 -0.00321895 -0.1734426   0.0368568   0.1365886  -0.25006557
  0.22522581  0.17457928  0.03582114  0.12180394  0.07052144  0.04952423
  0.11381345 -0.20703584 -0.14382015 -0.14472385  0.06605485  0.01299247
 -0.00866632  0.02730408]
